cutoff值是1，迭代100次时候：
十折交叉验证的第一二次结果：
不能解析的树的个数：2
Precision: 0.7617131359586088
Recall: 0.767337483712176
F-Measure: 0.7645149657410747

不能解析的树的个数：16
Precision: 0.7423658464275126
Recall: 0.7558104437066103
F-Measure: 0.7490278193239605

增加交叉括号的指标
不能解析的树的个数：3
Precision: 0.7603580193445936
Recall: 0.7649963689179375
F-Measure: 0.7626701419055892
CBs:2.75968992248062
CBs_0:0.5658914728682171
CBs_2:0.7493540051679587
sentenceAccuracy:0.14987080103359174