cutoff值是1，迭代100次时候：
十折交叉验证的第一二次结果：
不能解析的树的个数：2
Precision: 0.7617131359586088
Recall: 0.767337483712176
F-Measure: 0.7645149657410747

不能解析的树的个数：16
Precision: 0.7423658464275126
Recall: 0.7558104437066103
F-Measure: 0.7490278193239605